{
 "cells": [
  {
   "cell_type": "code",
   "execution_count": 29,
   "id": "ff29b931",
   "metadata": {},
   "outputs": [
    {
     "name": "stdout",
     "output_type": "stream",
     "text": [
      "The autoreload extension is already loaded. To reload it, use:\n",
      "  %reload_ext autoreload\n",
      "--- Path Configuration ---\n",
      "✅ Project Root: c:\\Users\\ping\\Files_win10\\python\\py311\\stocks\n",
      "✅ Parent Dir:   c:\\Users\\ping\\Files_win10\\python\\py311\\stocks\\notebooks_PyPortfOpt\n",
      "✅ Notebook Dir: c:\\Users\\ping\\Files_win10\\python\\py311\\stocks\\notebooks_PyPortfOpt\\_working\n",
      "✅ Data Dir:     c:\\Users\\ping\\Files_win10\\python\\py311\\stocks\\data\n",
      "✅ Source Dir:   c:\\Users\\ping\\Files_win10\\python\\py311\\stocks\\src\n",
      "\n",
      "--- Module Verification ---\n",
      "✅ Successfully imported 'utils' and 'plotting_utils'.\n"
     ]
    }
   ],
   "source": [
    "import sys\n",
    "from pathlib import Path\n",
    "import pandas as pd\n",
    "import numpy as np\n",
    "import pprint\n",
    "import inspect  # <--- ADD THIS LINE\n",
    "from IPython.display import display, Markdown\n",
    "\n",
    "# --- 1. PANDAS & IPYTHON OPTIONS ---\n",
    "pd.set_option('display.max_rows', 200)\n",
    "pd.set_option('display.max_columns', None)\n",
    "pd.set_option('display.width', 3000)\n",
    "pd.set_option('display.float_format', '{:.6f}'.format)\n",
    "%load_ext autoreload\n",
    "%autoreload 2\n",
    "\n",
    "# --- 2. PROJECT PATH CONFIGURATION ---\n",
    "NOTEBOOK_DIR = Path.cwd()\n",
    "PARENT_DIR = NOTEBOOK_DIR.parent\n",
    "ROOT_DIR = NOTEBOOK_DIR.parent.parent  # Adjust if your notebook is in a 'notebooks' subdirectory\n",
    "DATA_DIR = ROOT_DIR / 'data'\n",
    "SRC_DIR = ROOT_DIR / 'src'\n",
    "\n",
    "# Add 'src' to the Python path to import custom modules\n",
    "if str(SRC_DIR) not in sys.path:\n",
    "    sys.path.append(str(SRC_DIR))\n",
    "\n",
    "# --- 3. IMPORT CUSTOM MODULES ---\n",
    "import utils\n",
    "\n",
    "# --- 5. VERIFICATION ---\n",
    "print(\"--- Path Configuration ---\")\n",
    "print(f\"✅ Project Root: {ROOT_DIR}\")\n",
    "print(f\"✅ Parent Dir:   {PARENT_DIR}\")\n",
    "print(f\"✅ Notebook Dir: {NOTEBOOK_DIR}\")\n",
    "print(f\"✅ Data Dir:     {DATA_DIR}\")\n",
    "print(f\"✅ Source Dir:   {SRC_DIR}\")\n",
    "assert all([ROOT_DIR.exists(), DATA_DIR.exists(), SRC_DIR.exists()]), \"A key directory was not found!\"\n",
    "\n",
    "print(\"\\n--- Module Verification ---\")\n",
    "print(f\"✅ Successfully imported 'utils' and 'plotting_utils'.\")"
   ]
  },
  {
   "cell_type": "code",
   "execution_count": 30,
   "id": "c1f468b5",
   "metadata": {},
   "outputs": [
    {
     "name": "stdout",
     "output_type": "stream",
     "text": [
      "train:\n",
      "            date   tic      close       high        low       open           volume      day      macd    boll_ub    boll_lb     rsi_30     cci_30      dx_30  close_30_sma  close_60_sma       vix  turbulence\n",
      "                                                                                                                                                                                                               \n",
      "0     2009-01-02  AAPL   2.727417   2.736134   2.559415   2.581054 746015200.000000 4.000000  0.000000   2.947759   2.622184 100.000000  66.666667 100.000000      2.727417      2.727417 39.189999    0.000000\n",
      "0     2009-01-02  AMGN  40.791451  40.853685  39.933992  40.514850   6547900.000000 4.000000  0.000000   2.947759   2.622184 100.000000  66.666667 100.000000     40.791451     40.791451 39.189999    0.000000\n",
      "0     2009-01-02   AXP  14.891695  15.038070  14.175229  14.306196  10955700.000000 4.000000  0.000000   2.947759   2.622184 100.000000  66.666667 100.000000     14.891695     14.891695 39.189999    0.000000\n",
      "0     2009-01-02    BA  33.941090  34.173615  32.088393  32.103395   7010200.000000 4.000000  0.000000   2.947759   2.622184 100.000000  66.666667 100.000000     33.941090     33.941090 39.189999    0.000000\n",
      "0     2009-01-02   CAT  30.233925  30.279040  28.816004  28.944907   7117200.000000 4.000000  0.000000   2.947759   2.622184 100.000000  66.666667 100.000000     30.233925     30.233925 39.189999    0.000000\n",
      "...          ...   ...        ...        ...        ...        ...              ...      ...       ...        ...        ...        ...        ...        ...           ...           ...       ...         ...\n",
      "2892  2020-06-30   UNH 273.307526 274.697460 266.552435 267.395665   2932900.000000 1.000000 -0.018492 288.644684 257.612906  52.413035 -20.026776   0.598906    273.539189    266.872865 30.430000   12.918695\n",
      "2892  2020-06-30     V 186.425095 186.984845 183.520200 184.803762   9040100.000000 1.000000  1.025075 194.257200 180.858016  53.021034 -51.427899   2.103929    187.155972    177.570349 30.430000   12.918695\n",
      "2892  2020-06-30    VZ  40.665905  40.783927  40.097925  40.510999  17414800.000000 1.000000 -0.352851  43.524874  39.336048  48.097054 -50.670932   8.321243     41.178803     41.544123 30.430000   12.918695\n",
      "2892  2020-06-30   WBA  32.880196  33.027573  32.391529  32.670767   4782100.000000 1.000000 -0.070743  35.890254  30.733448  48.830184 -14.266738   0.948695     32.963968     32.795456 30.430000   12.918695\n",
      "2892  2020-06-30   WMT  37.177700  37.286333  36.792824  37.003887  20509200.000000 1.000000 -0.283844  38.250862  36.341651  48.159724 -69.837613   3.557438     37.711030     38.330750 30.430000   12.918695\n",
      "\n",
      "[83897 rows x 18 columns]\n",
      "\n",
      "trade:\n",
      "           date   tic      close       high        low       open           volume      day      macd    boll_ub    boll_lb    rsi_30      cci_30     dx_30  close_30_sma  close_60_sma       vix  turbulence\n",
      "                                                                                                                                                                                                             \n",
      "0    2020-07-01  AAPL  88.485016  89.274822  88.436417  88.730466 110737200.000000 2.000000  2.967004  91.235603  78.913909 62.807166  107.472299 29.811398     82.608454     76.490385 28.620001   53.068027\n",
      "0    2020-07-01  AMGN 218.336395 219.286367 199.046253 201.562362   6575800.000000 2.000000  3.306033 211.284527 182.023990 61.279663  272.794850 47.009849    195.339147    196.314669 28.620001   53.068027\n",
      "0    2020-07-01   AXP  88.271126  91.002318  87.886315  89.397389   3301000.000000 2.000000 -0.373039 105.848935  84.123358 48.504815  -62.638313  1.752108     93.215671     86.937897 28.620001   53.068027\n",
      "0    2020-07-01    BA 180.320007 190.610001 180.039993 185.880005  49036700.000000 2.000000  5.443193 220.721139 160.932863 50.925771   24.220608 15.936440    176.472335    155.614168 28.620001   53.068027\n",
      "0    2020-07-01   CAT 113.409111 116.413918 113.247175 116.395935   2807800.000000 2.000000  1.196234 122.783126 106.548716 52.865418   35.366297 14.542214    112.244678    106.824649 28.620001   53.068027\n",
      "..          ...   ...        ...        ...        ...        ...              ...      ...       ...        ...        ...       ...         ...       ...           ...           ...       ...         ...\n",
      "334  2021-10-27   UNH 428.012634 434.581754 428.012634 429.107492   3520400.000000 2.000000 11.006790 438.091658 351.371138 65.085978  174.236271 51.935615    391.835851    392.111901 16.980000  145.285494\n",
      "334  2021-10-27     V 209.788437 218.509368 209.671774 218.509368  22958100.000000 2.000000  0.013649 230.455623 212.482060 41.737227 -153.918156 30.324025    220.588965    222.773756 16.980000  145.285494\n",
      "334  2021-10-27    VZ  41.474037  41.923214  41.347952  41.899571  15007400.000000 2.000000 -0.192639  42.999842  40.320907 44.604955  -40.523601  3.887532     41.865892     42.404597 16.980000  145.285494\n",
      "334  2021-10-27   WBA  38.465477  39.559360  38.440988  39.551198   5652000.000000 2.000000 -0.013412  40.871960  37.426352 46.167767  -63.363070  5.257899     39.333782     39.625101 16.980000  145.285494\n",
      "334  2021-10-27   WMT  46.692986  47.164567  46.648677  47.145577  14565600.000000 2.000000  0.494351  47.768145  42.017990 57.061006  124.710210 30.096843     44.987067     45.860770 16.980000  145.285494\n",
      "\n",
      "[9715 rows x 18 columns]\n"
     ]
    }
   ],
   "source": [
    "train = pd.read_csv(PARENT_DIR / 'train_data.csv')\n",
    "trade = pd.read_csv(PARENT_DIR / 'trade_data.csv')\n",
    "\n",
    "# If you are not using the data generated from part 1 of this tutorial, make sure\n",
    "# it has the columns and index in the form that could be make into the environment.\n",
    "# Then you can comment and skip the following lines.\n",
    "train = train.set_index(train.columns[0])\n",
    "train.index.names = ['']\n",
    "trade = trade.set_index(trade.columns[0])\n",
    "trade.index.names = ['']\n",
    "\n",
    "print(f'train:\\n{train}')\n",
    "print(f'\\ntrade:\\n{trade}')"
   ]
  },
  {
   "cell_type": "code",
   "execution_count": 31,
   "id": "98d7dc3d",
   "metadata": {},
   "outputs": [],
   "source": [
    "def process_df_for_mvo(df):\n",
    "  return df.pivot(index=\"date\", columns=\"tic\", values=\"close\")"
   ]
  },
  {
   "cell_type": "code",
   "execution_count": 32,
   "id": "580d577f",
   "metadata": {},
   "outputs": [],
   "source": [
    "# Codes in this section partially refer to Dr G A Vijayalakshmi Pai\n",
    "# https://www.kaggle.com/code/vijipai/lesson-5-mean-variance-optimization-of-portfolios/notebook\n",
    "\n",
    "def StockReturnsComputing(StockPrice, Rows, Columns):\n",
    "  import numpy as np\n",
    "  StockReturn = np.zeros([Rows-1, Columns])\n",
    "  for j in range(Columns):        # j: Assets\n",
    "    for i in range(Rows-1):     # i: Daily Prices\n",
    "      StockReturn[i,j]=((StockPrice[i+1, j]-StockPrice[i,j])/StockPrice[i,j])* 100\n",
    "\n",
    "  return StockReturn"
   ]
  },
  {
   "cell_type": "code",
   "execution_count": 33,
   "id": "38b191a5",
   "metadata": {},
   "outputs": [
    {
     "data": {
      "text/plain": [
       "array([[ 88.485, 218.336,  88.271, ...,  40.327,  31.709,  37.15 ],\n",
       "       [ 88.485, 221.007,  88.534, ...,  40.415,  32.562,  37.001],\n",
       "       [ 90.852, 219.303,  90.646, ...,  40.747,  33.477,  36.901],\n",
       "       ...,\n",
       "       [145.68 , 184.125, 173.826, ...,  41.435,  40.18 ,  47.494],\n",
       "       [146.346, 185.056, 172.529, ...,  41.829,  39.437,  47.079],\n",
       "       [145.886, 183.194, 169.745, ...,  41.474,  38.465,  46.693]])"
      ]
     },
     "execution_count": 33,
     "metadata": {},
     "output_type": "execute_result"
    }
   ],
   "source": [
    "StockData = process_df_for_mvo(train)\n",
    "TradeData = process_df_for_mvo(trade)\n",
    "\n",
    "TradeData.to_numpy()"
   ]
  },
  {
   "cell_type": "code",
   "execution_count": 57,
   "id": "13752220",
   "metadata": {},
   "outputs": [
    {
     "name": "stdout",
     "output_type": "stream",
     "text": [
      "arReturns in k-portfolio 1\n",
      " [[ 4.22   1.119  3.207 ... -6.236  5.049 -1.154]\n",
      " [-1.649 -2.196  5.614 ... -1.601 -0.484 -0.885]\n",
      " [-2.161 -0.24  -4.213 ...  1.27   1.198 -0.857]\n",
      " ...\n",
      " [-3.073 -0.965 -4.527 ... -2.063 -2.069 -1.161]\n",
      " [ 2.305 -0.55   1.177 ...  2.878  2.793  0.625]\n",
      " [ 0.835  1.857  0.719 ...  0.805  0.165  0.605]]\n",
      "\n",
      "Mean returns of assets in k-portfolio 1\n",
      " [0.136 0.068 0.086 0.083 0.066 0.134 0.06  0.035 0.072 0.056 0.103 0.073\n",
      " 0.033 0.076 0.047 0.073 0.042 0.056 0.054 0.056 0.103 0.089 0.041 0.053\n",
      " 0.104 0.11  0.044 0.042 0.042]\n",
      "\n",
      "Variance-Covariance matrix of returns\n",
      " [[3.156 1.066 1.768 1.669 1.722 1.814 1.569 1.302 1.302 1.811 1.303 1.432\n",
      "  1.218 1.674 0.74  1.839 0.719 0.884 1.241 0.823 1.561 1.324 0.752 1.027\n",
      "  1.298 1.466 0.657 1.078 0.631]\n",
      " [1.066 2.571 1.306 1.123 1.193 1.319 1.116 1.053 1.045 1.269 1.068 1.089\n",
      "  0.899 1.218 0.926 1.391 0.682 0.727 1.025 1.156 1.166 0.984 0.798 0.956\n",
      "  1.259 1.111 0.688 1.091 0.682]\n",
      " [1.768 1.306 4.847 2.73  2.6   2.128 1.944 2.141 2.17  3.142 1.932 2.283\n",
      "  1.56  2.012 0.993 3.707 1.094 1.319 1.845 1.236 1.899 1.894 1.041 1.921\n",
      "  1.823 2.314 0.986 1.421 0.707]\n",
      " [1.669 1.123 2.73  4.892 2.363 1.979 1.7   2.115 1.959 2.387 1.773 2.319\n",
      "  1.571 1.797 0.968 2.597 1.144 1.298 1.643 1.071 1.615 1.775 0.91  1.666\n",
      "  1.707 1.784 0.82  1.345 0.647]\n",
      " [1.722 1.193 2.6   2.363 4.019 2.127 1.917 2.059 1.817 2.46  1.577 2.238\n",
      "  1.513 1.929 0.925 2.64  0.947 0.971 1.894 1.089 1.711 1.642 0.865 1.456\n",
      "  1.478 1.687 0.92  1.326 0.697]\n",
      " [1.814 1.319 2.128 1.979 2.127 5.384 1.974 1.549 1.683 2.122 1.624 1.771\n",
      "  1.441 1.939 0.846 2.191 0.837 1.075 1.475 1.041 1.978 1.768 0.784 1.328\n",
      "  1.365 1.912 0.787 1.28  0.666]\n",
      " [1.569 1.116 1.944 1.7   1.917 1.974 3.081 1.483 1.534 1.937 1.367 1.62\n",
      "  1.399 1.843 0.894 2.057 0.794 0.905 1.438 1.014 1.72  1.382 0.865 1.206\n",
      "  1.273 1.488 0.811 1.173 0.753]\n",
      " [1.302 1.053 2.141 2.115 2.059 1.549 1.483 2.842 1.525 2.044 1.428 1.783\n",
      "  1.308 1.533 0.878 2.279 0.938 1.092 1.385 1.078 1.429 1.314 0.831 1.459\n",
      "  1.466 1.48  0.83  1.042 0.567]\n",
      " [1.302 1.045 2.17  1.959 1.817 1.683 1.534 1.525 2.661 1.987 1.454 1.748\n",
      "  1.217 1.475 0.791 2.216 0.896 0.973 1.396 0.949 1.379 1.407 0.859 1.268\n",
      "  1.281 1.454 0.81  1.143 0.667]\n",
      " [1.811 1.269 3.142 2.387 2.46  2.122 1.937 2.044 1.987 4.407 1.789 2.12\n",
      "  1.593 1.982 0.945 3.96  0.956 1.094 1.758 1.157 1.788 1.692 0.905 1.879\n",
      "  1.712 2.    0.945 1.421 0.713]\n",
      " [1.303 1.068 1.932 1.773 1.577 1.624 1.367 1.428 1.454 1.789 2.373 1.51\n",
      "  1.166 1.501 0.756 1.941 0.824 0.998 1.239 0.887 1.366 1.414 0.797 1.299\n",
      "  1.296 1.41  0.764 1.071 0.783]\n",
      " [1.432 1.089 2.283 2.319 2.238 1.771 1.62  1.783 1.748 2.12  1.51  2.516\n",
      "  1.326 1.575 0.889 2.345 0.958 1.022 1.623 1.02  1.489 1.532 0.848 1.377\n",
      "  1.444 1.547 0.81  1.211 0.63 ]\n",
      " [1.218 0.899 1.56  1.571 1.513 1.441 1.399 1.308 1.217 1.593 1.166 1.326\n",
      "  2.052 1.399 0.727 1.749 0.786 0.795 1.154 0.829 1.296 1.12  0.743 1.105\n",
      "  1.088 1.214 0.739 0.998 0.598]\n",
      " [1.674 1.218 2.012 1.797 1.929 1.939 1.843 1.533 1.475 1.982 1.501 1.575\n",
      "  1.399 3.289 0.853 2.112 0.85  0.89  1.412 1.002 1.9   1.352 0.842 1.317\n",
      "  1.334 1.487 0.847 1.165 0.766]\n",
      " [0.74  0.926 0.993 0.968 0.925 0.846 0.894 0.878 0.791 0.945 0.756 0.889\n",
      "  0.727 0.853 1.153 1.027 0.642 0.59  0.848 0.892 0.825 0.748 0.694 0.761\n",
      "  0.929 0.819 0.61  0.806 0.547]\n",
      " [1.839 1.391 3.707 2.597 2.64  2.191 2.057 2.279 2.216 3.96  1.941 2.345\n",
      "  1.749 2.112 1.027 5.271 1.08  1.235 1.892 1.297 1.91  1.85  1.068 2.164\n",
      "  1.85  2.169 1.112 1.555 0.779]\n",
      " [0.719 0.682 1.094 1.144 0.947 0.837 0.794 0.938 0.896 0.956 0.824 0.958\n",
      "  0.786 0.85  0.642 1.08  1.264 0.679 0.804 0.74  0.819 0.845 0.749 0.891\n",
      "  0.849 0.794 0.633 0.719 0.514]\n",
      " [0.884 0.727 1.319 1.298 0.971 1.075 0.905 1.092 0.973 1.094 0.998 1.022\n",
      "  0.795 0.89  0.59  1.235 0.679 1.518 0.816 0.719 0.943 1.027 0.615 1.\n",
      "  0.947 0.994 0.533 0.673 0.504]\n",
      " [1.241 1.025 1.845 1.643 1.894 1.475 1.438 1.385 1.396 1.758 1.239 1.623\n",
      "  1.154 1.412 0.848 1.892 0.804 0.816 2.028 0.9   1.265 1.243 0.787 1.194\n",
      "  1.193 1.282 0.752 1.099 0.622]\n",
      " [0.823 1.156 1.236 1.071 1.089 1.041 1.014 1.078 0.949 1.157 0.887 1.02\n",
      "  0.829 1.002 0.892 1.297 0.74  0.719 0.9   2.007 0.952 0.849 0.732 1.008\n",
      "  1.15  0.933 0.722 0.897 0.614]\n",
      " [1.561 1.166 1.899 1.615 1.711 1.978 1.72  1.429 1.379 1.788 1.366 1.489\n",
      "  1.296 1.9   0.825 1.91  0.819 0.943 1.265 0.952 2.759 1.308 0.832 1.214\n",
      "  1.285 1.493 0.793 1.113 0.705]\n",
      " [1.324 0.984 1.894 1.775 1.642 1.768 1.382 1.314 1.407 1.692 1.414 1.532\n",
      "  1.12  1.352 0.748 1.85  0.845 1.027 1.243 0.849 1.308 2.864 0.751 1.153\n",
      "  1.26  1.411 0.71  1.046 0.651]\n",
      " [0.752 0.798 1.041 0.91  0.865 0.784 0.865 0.831 0.859 0.905 0.797 0.848\n",
      "  0.743 0.842 0.694 1.068 0.749 0.615 0.787 0.732 0.832 0.751 1.289 0.806\n",
      "  0.766 0.763 0.663 0.797 0.645]\n",
      " [1.027 0.956 1.921 1.666 1.456 1.328 1.206 1.459 1.268 1.879 1.299 1.377\n",
      "  1.105 1.317 0.761 2.164 0.891 1.    1.194 1.008 1.214 1.153 0.806 2.27\n",
      "  1.259 1.294 0.812 0.986 0.676]\n",
      " [1.298 1.259 1.823 1.707 1.478 1.365 1.273 1.466 1.281 1.712 1.296 1.444\n",
      "  1.088 1.334 0.929 1.85  0.849 0.947 1.193 1.15  1.285 1.26  0.766 1.259\n",
      "  3.352 1.267 0.697 1.137 0.685]\n",
      " [1.466 1.111 2.314 1.784 1.687 1.912 1.488 1.48  1.454 2.    1.41  1.547\n",
      "  1.214 1.487 0.819 2.169 0.794 0.994 1.282 0.933 1.493 1.411 0.763 1.294\n",
      "  1.267 2.982 0.709 1.007 0.656]\n",
      " [0.657 0.688 0.986 0.82  0.92  0.787 0.811 0.83  0.81  0.945 0.764 0.81\n",
      "  0.739 0.847 0.61  1.112 0.633 0.533 0.752 0.722 0.793 0.71  0.663 0.812\n",
      "  0.697 0.709 1.371 0.697 0.561]\n",
      " [1.078 1.091 1.421 1.345 1.326 1.28  1.173 1.042 1.143 1.421 1.071 1.211\n",
      "  0.998 1.165 0.806 1.555 0.719 0.673 1.099 0.897 1.113 1.046 0.797 0.986\n",
      "  1.137 1.007 0.697 3.073 0.759]\n",
      " [0.631 0.682 0.707 0.647 0.697 0.666 0.753 0.567 0.667 0.713 0.783 0.63\n",
      "  0.598 0.766 0.547 0.779 0.514 0.504 0.622 0.614 0.705 0.651 0.645 0.676\n",
      "  0.685 0.656 0.561 0.759 1.452]]\n"
     ]
    }
   ],
   "source": [
    "#compute asset returns\n",
    "arStockPrices = np.asarray(StockData)\n",
    "[Rows, Cols]=arStockPrices.shape\n",
    "arReturns = StockReturnsComputing(arStockPrices, Rows, Cols)\n",
    "\n",
    "#compute mean returns and variance covariance matrix of returns\n",
    "meanReturns = np.mean(arReturns, axis = 0)\n",
    "covReturns = np.cov(arReturns, rowvar=False)\n",
    "\n",
    "#set precision for printing results\n",
    "np.set_printoptions(precision=3, suppress = True)\n",
    "\n",
    "#display mean returns and variance-covariance matrix of returns\n",
    "print(f'arReturns in k-portfolio 1\\n',arReturns)\n",
    "print(f'\\nMean returns of assets in k-portfolio 1\\n', meanReturns)\n",
    "print(f'\\nVariance-Covariance matrix of returns\\n', covReturns)"
   ]
  },
  {
   "cell_type": "markdown",
   "id": "61313d60",
   "metadata": {},
   "source": [
    "### Summary of the Workflow\n",
    "1. Setup: Provide the model with historical asset returns (meanReturns) and their risk/correlation profile (covReturns), and set rules (like no short-selling and a 50% max allocation per asset).\n",
    "2. Optimize: Solve for the portfolio that gives the best risk-adjusted return (maximum Sharpe Ratio).\n",
    "3. Clean: Tidy up the resulting percentage allocations to make them practical.\n",
    "4. Execute: Convert these optimal percentages into actual dollar amounts based on a total portfolio size of $1,000,000."
   ]
  },
  {
   "cell_type": "code",
   "execution_count": 35,
   "id": "e9cd939c",
   "metadata": {},
   "outputs": [
    {
     "data": {
      "text/plain": [
       "array([375410.,      0.,      0.,      0.,      0.,  85810.,      0.,\n",
       "            0.,      0.,      0., 205910.,      0.,      0.,      0.,\n",
       "            0.,      0.,      0.,      0.,      0.,      0.,  49370.,\n",
       "            0.,      0.,      0., 142510., 141010.,      0.,      0.,\n",
       "            0.])"
      ]
     },
     "execution_count": 35,
     "metadata": {},
     "output_type": "execute_result"
    }
   ],
   "source": [
    "from pypfopt.efficient_frontier import EfficientFrontier\n",
    "\n",
    "ef_mean = EfficientFrontier(meanReturns, covReturns, weight_bounds=(0, 0.5))\n",
    "raw_weights_mean = ef_mean.max_sharpe()\n",
    "cleaned_weights_mean = ef_mean.clean_weights()\n",
    "mvo_weights = np.array([1000000 * cleaned_weights_mean[i] for i in range(len(cleaned_weights_mean))])\n",
    "mvo_weights  # Dollar amount allocation"
   ]
  },
  {
   "cell_type": "code",
   "execution_count": 36,
   "id": "3eb525d0",
   "metadata": {},
   "outputs": [
    {
     "data": {
      "text/plain": [
       "OrderedDict([(0, 0.37541),\n",
       "             (1, 0.0),\n",
       "             (2, 0.0),\n",
       "             (3, 0.0),\n",
       "             (4, 0.0),\n",
       "             (5, 0.08581),\n",
       "             (6, 0.0),\n",
       "             (7, 0.0),\n",
       "             (8, 0.0),\n",
       "             (9, 0.0),\n",
       "             (10, 0.20591),\n",
       "             (11, 0.0),\n",
       "             (12, 0.0),\n",
       "             (13, 0.0),\n",
       "             (14, 0.0),\n",
       "             (15, 0.0),\n",
       "             (16, 0.0),\n",
       "             (17, 0.0),\n",
       "             (18, 0.0),\n",
       "             (19, 0.0),\n",
       "             (20, 0.04937),\n",
       "             (21, 0.0),\n",
       "             (22, 0.0),\n",
       "             (23, 0.0),\n",
       "             (24, 0.14251),\n",
       "             (25, 0.14101),\n",
       "             (26, 0.0),\n",
       "             (27, 0.0),\n",
       "             (28, 0.0)])"
      ]
     },
     "execution_count": 36,
     "metadata": {},
     "output_type": "execute_result"
    }
   ],
   "source": [
    "cleaned_weights_mean"
   ]
  },
  {
   "cell_type": "code",
   "execution_count": 37,
   "id": "6a116be6",
   "metadata": {},
   "outputs": [
    {
     "data": {
      "text/plain": [
       "array([4234.615,    0.   ,    0.   ,    0.   ,    0.   ,  462.082,\n",
       "          0.   ,    0.   ,    0.   ,    0.   ,  927.12 ,    0.   ,\n",
       "          0.   ,    0.   ,    0.   ,    0.   ,    0.   ,    0.   ,\n",
       "          0.   ,    0.   ,  253.205,    0.   ,    0.   ,    0.   ,\n",
       "        521.427,  756.39 ,    0.   ,    0.   ,    0.   ])"
      ]
     },
     "execution_count": 37,
     "metadata": {},
     "output_type": "execute_result"
    }
   ],
   "source": [
    "LastPrice = np.array([1/p for p in StockData.tail(1).to_numpy()[0]])\n",
    "Initial_Portfolio = np.multiply(mvo_weights, LastPrice)\n",
    "Initial_Portfolio  # number of shares"
   ]
  },
  {
   "cell_type": "code",
   "execution_count": 38,
   "id": "e377e27d",
   "metadata": {},
   "outputs": [
    {
     "name": "stdout",
     "output_type": "stream",
     "text": [
      "MVO_result:\n",
      "                 Mean Var\n",
      "date                     \n",
      "2020-07-01 1001536.134107\n",
      "2020-07-02 1004131.147730\n",
      "2020-07-06 1022196.153661\n",
      "2020-07-07 1012410.866996\n",
      "2020-07-08 1027198.165629\n",
      "...                   ...\n",
      "2021-10-21 1524363.961577\n",
      "2021-10-22 1527223.553729\n",
      "2021-10-25 1533948.898311\n",
      "2021-10-26 1537081.639312\n",
      "2021-10-27 1528623.280691\n",
      "\n",
      "[335 rows x 1 columns]\n"
     ]
    }
   ],
   "source": [
    "Portfolio_Assets = TradeData @ Initial_Portfolio\n",
    "MVO_result = pd.DataFrame(Portfolio_Assets, columns=[\"Mean Var\"])\n",
    "print(f'MVO_result:\\n{MVO_result}')"
   ]
  },
  {
   "cell_type": "markdown",
   "id": "a1bf3f14",
   "metadata": {},
   "source": [
    "##########################"
   ]
  },
  {
   "cell_type": "markdown",
   "id": "16b78934",
   "metadata": {},
   "source": [
    "# Verify Calculation"
   ]
  },
  {
   "cell_type": "code",
   "execution_count": 39,
   "id": "257514d0",
   "metadata": {},
   "outputs": [
    {
     "name": "stdout",
     "output_type": "stream",
     "text": [
      "TradeData.index.names: ['date']\n",
      "TradeData.columns.names: ['tic']\n",
      "\n",
      "TradeData:\n",
      "tic              AAPL       AMGN        AXP         BA        CAT        CRM      CSCO       CVX        DIS         GS         HD        HON        IBM      INTC        JNJ        JPM        KO        MCD        MMM       MRK       MSFT        NKE         PG        TRV        UNH          V        VZ       WBA       WMT\n",
      "date                                                                                                                                                                                                                                                                                                                             \n",
      "2020-07-01  88.485016 218.336395  88.271126 180.320007 113.409111 190.223175 39.308640 70.369415 111.156929 175.233932 220.004150 130.247833  90.751396 52.425770 121.802376  80.762329 38.513268 164.716431 107.145050 63.806126 196.120148  91.368599 105.358139 101.159019 275.883606 187.013794 40.326591 31.708954 37.149754\n",
      "2020-07-02  88.485016 221.006561  88.533920 180.809998 114.902527 190.857605 39.248425 70.923561 110.340546 175.083145 220.314484 131.070328  91.639481 52.711029 122.314293  81.024658 38.564823 163.699539 108.254929 64.345200 197.614746  92.334793 106.148453 101.123039 276.374664 188.837784 40.415104 32.562172 37.000774\n",
      "2020-07-06  90.852013 219.303482  90.645699 187.910004 116.440903 196.002533 39.927937 71.132362 112.553650 183.917099 221.245392 133.058701  92.014603 53.076523 124.058258  83.070824 38.865574 168.141693 108.985619 64.998604 201.868637  93.760674 106.807060 103.020348 280.590881 190.854843 40.747044 33.477455 36.901451\n",
      "2020-07-07  90.570114 216.650467  87.295013 178.880005 114.434715 194.674164 39.248425 69.317352 111.766769 176.821533 219.294922 131.025116  90.016449 51.980045 123.945473  80.727333 38.848385 165.751160 106.724586 64.296204 199.521317  91.059029 107.325165 101.141029 274.882843 187.419128 40.599510 32.748333 39.403130\n",
      "2020-07-08  92.679512 215.315369  87.191772 180.080002 115.271378 198.540283 39.403255 69.349449 114.747093 179.384796 220.908493 131.585495  90.115982 52.247482 124.309891  81.584282 38.728092 165.777878 106.559135 63.642773 203.909393  92.719414 107.913528 101.770462 276.467316 188.258774 40.850315 32.802628 38.624073\n",
      "...               ...        ...        ...        ...        ...        ...       ...       ...        ...        ...        ...        ...        ...       ...        ...        ...       ...        ...        ...       ...        ...        ...        ...        ...        ...        ...       ...       ...       ...\n",
      "2021-10-21 146.503113 185.330872 169.210999 214.339996 187.152496 287.292603 49.760883 96.104881 168.530487 370.147614 332.192474 207.633453 104.659904 51.579430 146.374298 153.347763 48.568733 221.635162 130.774155 72.412140 301.193115 153.653595 126.919678 148.493210 417.441620 223.846924 42.072937 40.114471 46.465111\n",
      "2021-10-22 145.728882 185.552567 178.373764 212.970001 186.798721 290.018677 49.242638 97.016571 166.641953 376.259369 333.440613 201.048920 104.292908 45.555683 146.660919 155.410461 48.658100 218.917572 129.826263 72.394287 299.642273 154.885269 128.286072 150.514038 423.935272 224.809433 41.710438 40.000183 46.949368\n",
      "2021-10-25 145.679886 184.124817 173.825745 212.869995 188.251053 291.366913 49.269447 97.919647 169.189484 376.649780 338.241913 201.178436 104.097168 45.509632 146.983414 154.650558 48.461491 217.907623 130.975220 72.849274 298.644073 155.586380 128.304276 149.781769 424.246704 227.385895 41.434628 40.179771 47.493732\n",
      "2021-10-26 146.346329 185.055969 172.529022 209.809998 185.858459 292.546539 49.868111 98.134666 169.218994 379.247070 336.365204 201.899780 103.681229 44.468834 148.479401 155.066711 48.675964 217.062943 130.802887 73.375595 300.563019 155.178970 130.126144 148.715698 429.107422 225.383041 41.828648 39.436909 47.079121\n",
      "2021-10-27 145.885696 183.193695 169.744934 206.610001 182.590775 292.586182 50.198723 96.388702 166.769836 373.235229 339.207672 199.495285 102.082748 44.109615 146.678864 151.836899 49.614281 222.856293 127.988060 72.742210 313.220978 153.814667 129.197006 148.113144 428.012634 209.788437 41.474037 38.465477 46.692986\n",
      "\n",
      "[335 rows x 29 columns]\n"
     ]
    }
   ],
   "source": [
    "# TradeData.index.names\n",
    "print(f'TradeData.index.names: {TradeData.index.names}')\n",
    "print(f'TradeData.columns.names: {TradeData.columns.names}')\n",
    "print(f'\\nTradeData:\\n{TradeData}')"
   ]
  },
  {
   "cell_type": "code",
   "execution_count": 40,
   "id": "ff51398b",
   "metadata": {},
   "outputs": [
    {
     "name": "stdout",
     "output_type": "stream",
     "text": [
      "StockData.index.names: ['date']\n",
      "StockData.columns.names: ['tic']\n",
      "\n",
      "StockData:\n",
      "tic             AAPL       AMGN       AXP         BA        CAT        CRM      CSCO       CVX        DIS         GS         HD        HON       IBM      INTC        JNJ       JPM        KO        MCD        MMM       MRK       MSFT       NKE         PG        TRV        UNH          V        VZ       WBA       WMT\n",
      "date                                                                                                                                                                                                                                                                                                                        \n",
      "2009-01-02  2.727417  40.791451 14.891695  33.941090  30.233925   8.431122 11.099333 39.716728  20.259752  65.354576  16.048880  22.746801 47.715305  9.516951  37.172798 20.872557 13.757771  40.240009  29.900188 16.682100  14.897431 10.691023  38.529922  30.502073  21.773306  11.876763 13.710851 15.305817 13.433236\n",
      "2009-01-05  2.842525  41.247849 15.369339  34.631153  29.698984   8.265077 11.197498 39.789394  19.904022  66.876228  16.434643  22.628672 47.414936  9.335373  36.805042 19.474396 13.619901  40.120075  29.551630 16.429174  15.036655 10.767590  38.253815  30.049946  21.418179  11.961217 12.855905 16.078594 13.278185\n",
      "2009-01-06  2.795640  40.341980 16.232174  34.736187  29.518517   8.574862 11.642520 40.147533  20.590067  66.823486  16.800449  23.652479 48.731102  9.623390  36.584400 19.893847 13.401093  39.223755  29.900188 16.127827  15.212523 10.549984  38.143383  29.132175  20.913101  12.803522 12.650084 16.000723 13.160714\n",
      "2009-01-07  2.735232  40.245182 15.548391  33.573559  28.145710   7.930509 11.334929 38.387997  19.632992  63.652149  16.341526  22.608984 47.944656  9.041100  36.241161 18.702078 13.467030  38.655666  29.334414 15.869519  14.296546 10.167150  37.474621  27.978226  20.755276  12.525721 12.810715 16.192423 13.047949\n",
      "2009-01-08  2.786022  40.978146 15.571700  33.596058  28.371304   8.156033 11.478908 38.533329  19.395830  64.337654  16.221800  22.707418 47.611530  9.109977  36.173752 18.122845 13.559951  38.201183  29.592043 15.799561  14.743544 10.354542  37.063560  28.497845  21.078835  12.392369 13.007501 16.078594 12.070646\n",
      "...              ...        ...       ...        ...        ...        ...       ...       ...        ...        ...        ...        ...       ...       ...        ...       ...       ...        ...        ...       ...        ...       ...        ...        ...        ...        ...       ...       ...       ...\n",
      "2020-06-24 87.500793 198.986389 89.208511 176.690002 109.810539 183.938248 38.190659 70.385468 110.232338 175.633011 218.213318 125.041908 89.128387 52.675369 121.316467 81.974716 38.367184 164.386383 104.932266 61.968403 189.547653 93.882637 102.232002 101.482727 267.960938 184.726486 39.780743 31.933887 37.339085\n",
      "2020-06-25 88.662430 201.211456 91.422821 174.880005 112.194588 186.703995 38.591766 71.646370 109.533989 183.686493 217.548370 128.756546 91.126541 52.158337 121.186310 84.832466 38.607792 163.021591 106.621162 62.540154 191.942871 95.120903 103.522865 103.065292 274.484406 187.206848 40.038906 32.608715 37.155964\n",
      "2020-06-26 85.938194 199.268784 87.283813 170.009995 110.107422 181.578903 39.521999 69.437790 107.311043 167.801315 213.674011 124.915352 89.717888 51.257980 119.572479 80.182121 37.439163 160.327789 105.139084 61.413002 188.100952 87.869568 101.187042  99.810226 265.829742 182.661255 39.212757 31.933887 36.724537\n",
      "2020-06-29 87.918793 198.173340 88.311546 194.490005 112.680389 181.737503 39.385441 70.409569 109.691360 171.597427 218.204437 129.461517 91.677757 51.944386 120.639679 80.537155 38.117992 163.057297 107.241592 62.172596 190.122543 89.933334 103.320885 101.518692 268.498444 184.697571 40.341335 32.825897 36.954208\n",
      "2020-06-30 88.652687 201.853363 88.946861 183.300003 113.804962 185.702789 39.803627 71.662437 109.681541 175.278244 222.096497 130.681656 92.458656 53.335041 122.019264 81.455116 38.392971 164.546936 107.531113 63.160896 194.979980 91.978333 104.998123 102.552773 273.307526 186.425095 40.665905 32.880196 37.177700\n",
      "\n",
      "[2893 rows x 29 columns]\n"
     ]
    }
   ],
   "source": [
    "# StockData.index.names\n",
    "print(f'StockData.index.names: {StockData.index.names}')\n",
    "print(f'StockData.columns.names: {StockData.columns.names}')\n",
    "print(f'\\nStockData:\\n{StockData}')"
   ]
  },
  {
   "cell_type": "code",
   "execution_count": 41,
   "id": "ef09c198",
   "metadata": {},
   "outputs": [
    {
     "name": "stdout",
     "output_type": "stream",
     "text": [
      "tic             AAPL      AMGN       AXP        BA       CAT       CRM      CSCO       CVX       DIS        GS        HD       HON       IBM      INTC       JNJ       JPM        KO       MCD       MMM       MRK      MSFT       NKE        PG       TRV       UNH         V        VZ       WBA       WMT\n",
      "date                                                                                                                                                                                                                                                                                                        \n",
      "2009-01-05  4.220403  1.118857  3.207452  2.033121 -1.769339 -1.969432  0.884427  0.182961 -1.755846  2.328302  2.403677 -0.519325 -0.629503 -1.907940 -0.989315 -6.698561 -1.002123 -0.298047 -1.165740 -1.516151  0.934551  0.716177 -0.716606 -1.482284 -1.631022  0.711082 -6.235544  5.048914 -1.154236\n",
      "2009-01-06 -1.649439 -2.196159  5.614002  0.303293 -0.607656  3.748130  3.974295  0.900087  3.446764 -0.078865  2.225826  4.524382  2.775847  3.085225 -0.599489  2.153858 -1.606526 -2.234094  1.179490 -1.834223  1.169595 -2.020931 -0.288681 -3.054150 -2.358171  7.041969 -1.600977 -0.484317 -0.884690\n",
      "2009-01-07 -2.160780 -0.239943 -4.212514 -3.347023 -4.650662 -7.514451 -2.641958 -4.382677 -4.648237 -4.745842 -2.731613 -4.411779 -1.613847 -6.050785 -0.938211 -5.990640  0.492020 -1.448328 -1.892212 -1.601626 -6.021207 -3.628759 -1.753285 -3.961083 -0.754673 -2.169727  1.269796  1.198071 -0.856833\n",
      "2009-01-08  1.856892  1.821245  0.149911  0.067014  0.801520  2.843751  1.270216  0.378588 -1.207975  1.076955 -0.732650  0.435378 -0.694814  0.761823 -0.186003 -3.097159  0.689991 -1.175722  0.878250 -0.440837  3.126613  1.843105 -1.096903  1.857226  1.558923 -1.064620  1.536104 -0.702975 -7.490086\n",
      "2009-01-09 -2.286909 -2.497455 -4.041925 -0.759089 -1.862817 -4.193250 -4.789055 -1.912757 -2.576399 -1.744532 -2.172960 -1.329450 -2.844698 -2.749175  0.050808 -4.592263 -1.414671 -0.743513 -1.433945 -2.145767 -2.982110 -3.463709 -0.910448 -0.592026 -0.973399 -0.251071 -0.710092 -2.570774  0.389271\n",
      "...              ...       ...       ...       ...       ...       ...       ...       ...       ...       ...       ...       ...       ...       ...       ...       ...       ...       ...       ...       ...       ...       ...       ...       ...       ...       ...       ...       ...       ...\n",
      "2020-06-24 -1.765201 -1.374325 -3.962962 -5.955930 -3.318819 -1.856552 -1.583441 -4.155760 -3.876834 -3.301098 -1.669913 -4.493997 -2.503983 -1.385168 -2.127984 -3.339116 -2.169164 -1.248516 -3.560586 -1.620872 -2.015768 -1.805321 -1.112724 -2.865997 -2.829285 -3.313659 -1.838335 -3.830887 -0.636015\n",
      "2020-06-25  1.327572  1.118201  2.482173 -1.024392  2.171056  1.503628  1.050277  1.791424 -0.633525  4.585403 -0.304724  2.970714  2.241882 -0.981545 -0.107288  3.486136  0.627120 -0.830234  1.609511  0.922649  1.263649  1.318951  1.262680  1.559443  2.434485  1.342721  0.648966  2.113202 -0.490426\n",
      "2020-06-26 -3.072593 -0.965488 -4.527324 -2.784773 -1.860309 -2.745036  2.410444 -3.082613 -2.029458 -8.647984 -1.780918 -2.983300 -1.545821 -1.726198 -1.331694 -5.481798 -3.026924 -1.652420 -1.390042 -1.802284 -2.001595 -7.623282 -2.256335 -3.158256 -3.153062 -2.428113 -2.063366 -2.069470 -1.161125\n",
      "2020-06-29  2.304678 -0.549732  1.177461 14.399160  2.336779  0.087345 -0.345525  1.399496  2.218148  2.262266  2.120251  3.639397  2.184480  1.339119  0.892513  0.442784  1.813153  1.702454  1.999740  1.236862  1.074737  2.348670  2.108810  1.711714  1.003914  1.114805  2.878089  2.793301  0.625390\n",
      "2020-06-30  0.834741  1.856972  0.719402 -5.753510  0.998020  2.181876  1.061779  1.779401 -0.008952  2.145030  1.783676  0.942472  0.851787  2.677201  1.143558  1.139798  0.721388  0.913568  0.269970  1.589608  2.554898  2.273905  1.623330  1.018611  1.791102  0.935326  0.804559  0.165413  0.604780\n",
      "\n",
      "[2892 rows x 29 columns]\n"
     ]
    }
   ],
   "source": [
    "import pandas as pd\n",
    "\n",
    "# Assume your DataFrame is named StockData\n",
    "# If 'date' is a column, set it as the index first. This is crucial for time-series operations.\n",
    "if 'date' in StockData.columns:\n",
    "    StockData = StockData.set_index('date')\n",
    "\n",
    "# Ensure the index is a datetime object (pandas usually infers this, but it's good practice)\n",
    "StockData.index = pd.to_datetime(StockData.index)\n",
    "\n",
    "# Calculate daily returns using the most efficient method\n",
    "# This computes (price_today / price_yesterday) - 1 for each column\n",
    "daily_returns_pct = StockData.pct_change() * 100\n",
    "\n",
    "# The first row will be all NaN since there's no prior day to compute a return from.\n",
    "# You can drop it or fill it if needed.\n",
    "daily_returns_pct = daily_returns_pct.dropna() \n",
    "\n",
    "print(daily_returns_pct)"
   ]
  },
  {
   "cell_type": "code",
   "execution_count": 42,
   "id": "fca419b4",
   "metadata": {},
   "outputs": [
    {
     "name": "stdout",
     "output_type": "stream",
     "text": [
      "mean_returns_pct.head():\n",
      "tic\n",
      "AAPL   0.136238\n",
      "AMGN   0.068098\n",
      "AXP    0.085739\n",
      "BA     0.082866\n",
      "CAT    0.065957\n",
      "dtype: float64\n",
      "\n",
      "cov_matrix.head():\n",
